25
0 0 0
0 1 1386
0 2 1027
0 3 1948
0 4 625
0 5 996
0 6 1010
0 7 324
0 8 1277
0 9 834
0 10 705
0 11 2383
0 12 786
0 13 702
0 14 1605
0 15 793
0 16 1180
0 17 203
0 18 1527
0 19 823
0 20 467
0 21 1286
0 22 671
0 23 1145
0 24 1258
1 0 1386
1 1 0
1 2 1234
1 3 2108
1 5 1171
1 6 1170
1 7 1071
1 8 1484
1 9 1041
1 10 681
1 11 2543
1 12 946
1 13 877
1 14 1765
1 15 719
1 16 1387
1 17 1183
1 18 1687
1 19 563
1 20 919
1 21 1493
1 22 831
1 23 241
1 24 1418
2 0 1027
2 1 1234
2 2 0
2 3 2062
2 5 1089
2 6 1124
2 7 712
2 8 292
2 9 193
2 10 608
2 11 2497
2 12 900
2 13 795
2 14 1719
2 15 515
2 16 264
2 17 824
2 18 1641
2 19 671
2 20 560
2 21 369
2 22 841
2 23 993
2 24 1372
3 0 1948
3 1 2108
3 2 2062
3 3 0
3 5 1411
3 6 938
3 7 1624
3 8 2312
3 9 1869
3 10 1663
3 11 435
3 12 1162
3 13 1269
3 14 343
3 15 1674
3 16 2215
3 17 1746
3 18 959
3 19 1545
3 20 1502
3 21 2321
3 22 1277
3 23 1867
3 24 690
4 0 625
4 4 0
5 0 996
5 1 1171
5 2 1089
5 3 1411
5 5 0
5 6 473
5 7 681
5 8 1339
5 9 896
5 10 726
5 11 1846
5 12 249
5 13 294
5 14 1068
5 15 737
5 16 1242
5 17 793
5 18 990
5 19 608
5 20 529
5 21 1348
5 22 340
5 23 930
5 24 721
6 0 1010
6 1 1170
6 2 1124
6 3 938
6 5 473
6 6 0
6 7 686
6 8 1374
6 9 931
6 10 725
6 11 1373
6 12 224
6 13 331
6 14 595
6 15 736
6 16 1277
6 17 808
6 18 517
6 19 607
6 20 564
6 21 1383
6 22 339
6 23 929
6 24 248
7 0 324
7 1 1071
7 2 712
7 3 1624
7 5 681
7 6 686
7 7 0
7 8 962
7 9 519
7 10 390
7 11 2059
7 12 462
7 13 387
7 14 1281
7 15 478
7 16 865
7 17 122
7 18 1203
7 19 508
7 20 152
7 21 971
7 22 347
7 23 830
7 24 934
8 0 1277
8 1 1484
8 2 292
8 3 2312
8 5 1339
8 6 1374
8 7 962
8 8 0
8 9 443
8 10 858
8 11 2747
8 12 1150
8 13 1045
8 14 1969
8 15 765
8 16 97
8 17 1074
8 18 1891
8 19 921
8 20 810
8 21 121
8 22 1091
8 23 1243
8 24 1622
9 0 834
9 1 1041
9 2 193
9 3 1869
9 5 896
9 6 931
9 7 519
9 8 443
9 9 0
9 10 415
9 11 2304
9 12 707
9 13 602
9 14 1526
9 15 322
9 16 346
9 17 631
9 18 1448
9 19 478
9 20 367
9 21 452
9 22 648
9 23 800
9 24 1179
10 0 705
10 1 681
10 2 608
10 3 1663
10 5 726
10 6 725
10 7 390
10 8 858
10 9 415
10 10 0
10 11 2098
10 12 501
10 13 432
10 14 1320
10 15 93
10 16 761
10 17 502
10 18 1242
10 19 118
10 20 238
10 21 867
10 22 386
10 23 440
10 24 973
11 0 2383
11 1 2543
11 2 2497
11 3 435
11 5 1846
11 6 1373
11 7 2059
11 8 2747
11 9 2304
11 10 2098
11 11 0
11 12 1597
11 13 1704
11 14 778
11 15 2109
11 16 2650
11 17 2181
11 18 1394
11 19 1980
11 20 1937
11 21 2756
11 22 1712
11 23 2302
11 24 1125
12 0 786
12 1 946
12 2 900
12 3 1162
12 5 249
12 6 224
12 7 462
12 8 1150
12 9 707
12 10 501
12 11 1597
12 12 0
12 13 107
12 14 819
12 15 512
12 16 1053
12 17 584
12 18 741
12 19 383
12 20 340
12 21 1159
12 22 115
12 23 705
12 24 472
13 0 702
13 1 877
13 2 795
13 3 1269
13 5 294
13 6 331
13 7 387
13 8 1045
13 9 602
13 10 432
13 11 1704
13 12 107
13 13 0
13 14 926
13 15 443
13 16 948
13 17 499
13 18 848
13 19 314
13 20 235
13 21 1054
13 22 46
13 23 636
13 24 579
14 0 1605
14 1 1765
14 2 1719
14 3 343
14 5 1068
14 6 595
14 7 1281
14 8 1969
14 9 1526
14 10 1320
14 11 778
14 12 819
14 13 926
14 14 0
14 15 1331
14 16 1872
14 17 1403
14 18 616
14 19 1202
14 20 1159
14 21 1978
14 22 934
14 23 1524
14 24 347
15 0 793
15 1 719
15 2 515
15 3 1674
15 5 737
15 6 736
15 7 478
15 8 765
15 9 322
15 10 93
15 11 2109
15 12 512
15 13 443
15 14 1331
15 15 0
15 16 668
15 17 590
15 18 1253
15 19 156
15 20 326
15 21 774
15 22 397
15 23 478
15 24 984
16 0 1180
16 1 1387
16 2 264
16 3 2215
16 5 1242
16 6 1277
16 7 865
16 8 97
16 9 346
16 10 761
16 11 2650
16 12 1053
16 13 948
16 14 1872
16 15 668
16 16 0
16 17 977
16 18 1794
16 19 824
16 20 713
16 21 106
16 22 994
16 23 1146
16 24 1525
17 0 203
17 1 1183
17 2 824
17 3 1746
17 5 793
17 6 808
17 7 122
17 8 1074
17 9 631
17 10 502
17 11 2181
17 12 584
17 13 499
17 14 1403
17 15 590
17 16 977
17 17 0
17 18 1325
17 19 620
17 20 264
17 21 1083
17 22 469
17 23 942
17 24 1056
18 0 1527
18 1 1687
18 2 1641
18 3 959
18 5 990
18 6 517
18 7 1203
18 8 1891
18 9 1448
18 10 1242
18 11 1394
18 12 741
18 13 848
18 14 616
18 15 1253
18 16 1794
18 17 1325
18 18 0
18 19 1124
18 20 1081
18 21 1900
18 22 856
18 23 1446
18 24 269
19 0 823
19 1 563
19 2 671
19 3 1545
19 5 608
19 6 607
19 7 508
19 8 921
19 9 478
19 10 118
19 11 1980
19 12 383
19 13 314
19 14 1202
19 15 156
19 16 824
19 17 620
19 18 1124
19 19 0
19 20 356
19 21 930
19 22 268
19 23 322
19 24 855
20 0 467
20 1 919
20 2 560
20 3 1502
20 5 529
20 6 564
20 7 152
20 8 810
20 9 367
20 10 238
20 11 1937
20 12 340
20 13 235
20 14 1159
20 15 326
20 16 713
20 17 264
20 18 1081
20 19 356
20 20 0
20 21 819
20 22 281
20 23 678
20 24 812
21 0 1286
21 1 1493
21 2 369
21 3 2321
21 5 1348
21 6 1383
21 7 971
21 8 121
21 9 452
21 10 867
21 11 2756
21 12 1159
21 13 1054
21 14 1978
21 15 774
21 16 106
21 17 1083
21 18 1900
21 19 930
21 20 819
21 21 0
21 22 1100
21 23 1252
21 24 1631
22 0 671
22 1 831
22 2 841
22 3 1277
22 5 340
22 6 339
22 7 347
22 8 1091
22 9 648
22 10 386
22 11 1712
22 12 115
22 13 46
22 14 934
22 15 397
22 16 994
22 17 469
22 18 856
22 19 268
22 20 281
22 21 1100
22 22 0
22 23 590
22 24 587
23 0 1145
23 1 241
23 2 993
23 3 1867
23 5 930
23 6 929
23 7 830
23 8 1243
23 9 800
23 10 440
23 11 2302
23 12 705
23 13 636
23 14 1524
23 15 478
23 16 1146
23 17 942
23 18 1446
23 19 322
23 20 678
23 21 1252
23 22 590
23 23 0
23 24 1177
24 0 1258
24 1 1418
24 2 1372
24 3 690
24 5 721
24 6 248
24 7 934
24 8 1622
24 9 1179
24 10 973
24 11 1125
24 12 472
24 13 579
24 14 347
24 15 984
24 16 1525
24 17 1056
24 18 269
24 19 855
24 20 812
24 21 1631
24 22 587
24 23 1177
24 24 0
-1
